2 0.36778846153846156 0.35336538461538464 0.026442307692307692 0.10576923076923077
2 0.4254807692307692 0.3605769230769231 0.021634615384615384 0.11778846153846154
2 0.5805288461538461 0.36177884615384615 0.02403846153846154 0.12980769230769232
2 0.6418269230769231 0.3713942307692308 0.03365384615384615 0.10096153846153846
2 0.4735576923076923 0.37259615384615385 0.02403846153846154 0.1201923076923077
2 0.5288461538461539 0.375 0.021634615384615384 0.11778846153846154
2 0.3473557692307692 0.6610576923076923 0.03365384615384615 0.09615384615384616
2 0.3918269230769231 0.6899038461538461 0.03125 0.0985576923076923
2 0.6490384615384616 0.7175480769230769 0.028846153846153848 0.08653846153846154
2 0.5480769230769231 0.7403846153846154 0.02403846153846154 0.10096153846153846
2 0.5925480769230769 0.7415865384615384 0.02403846153846154 0.10576923076923077
2 0.48677884615384615 0.7439903846153846 0.02403846153846154 0.10096153846153846