1 0.409375 0.51953125 0.0375 0.1296875
1 0.440625 0.52265625 0.02890625 0.1296875
1 0.47265625 0.51953125 0.02890625 0.14921875
1 0.55390625 0.51640625 0.0234375 0.13671875
1 0.59375 0.52890625 0.021875 0.1296875
1 0.64375 0.5015625 0.03359375 0.1328125
1 0.41171875 0.73515625 0.02890625 0.10703125
1 0.46875 0.72734375 0.0234375 0.09765625
1 0.55546875 0.68515625 0.03359375 0.13671875
1 0.48203125 0.69609375 0.0234375 0.13984375
1 0.57421875 0.68515625 0.02734375 0.1296875
1 0.6234375 0.7 0.0375 0.15234375