2 0.171875 0.3125 0.1875 0.31971153846153844
2 0.29086538461538464 0.4375 0.17307692307692307 0.27163461538461536
2 0.3786057692307692 0.4795673076923077 0.13942307692307693 0.22355769230769232
2 0.5096153846153846 0.5276442307692307 0.14903846153846154 0.2644230769230769
2 0.5817307692307693 0.5336538461538461 0.17067307692307693 0.2668269230769231
2 0.7211538461538461 0.47475961538461536 0.20192307692307693 0.30288461538461536
2 0.6213942307692307 0.2091346153846154 0.07451923076923077 0.16105769230769232
2 0.5673076923076923 0.2091346153846154 0.06971153846153846 0.13942307692307693
2 0.5264423076923077 0.20072115384615385 0.08653846153846154 0.16826923076923078
2 0.49399038461538464 0.17548076923076922 0.09134615384615384 0.15144230769230768
2 0.4543269230769231 0.17548076923076922 0.09375 0.15384615384615385
2 0.41225961538461536 0.14543269230769232 0.0985576923076923 0.14903846153846154