2 0.7091346153846154 0.5889423076923077 0.15384615384615385 0.28125
2 0.5829326923076923 0.6802884615384616 0.09615384615384616 0.2692307692307692
2 0.4735576923076923 0.6526442307692307 0.11057692307692307 0.27403846153846156
2 0.3401442307692308 0.6610576923076923 0.08653846153846154 0.29086538461538464
2 0.2704326923076923 0.6466346153846154 0.07692307692307693 0.2644230769230769
2 0.1141826923076923 0.609375 0.11298076923076923 0.24519230769230768
2 0.28846153846153844 0.421875 0.0673076923076923 0.14903846153846154
2 0.33774038461538464 0.4362980769230769 0.04567307692307692 0.13942307692307693
2 0.39302884615384615 0.41947115384615385 0.055288461538461536 0.13701923076923078
2 0.4338942307692308 0.4074519230769231 0.06009615384615385 0.12980769230769232
2 0.47836538461538464 0.40625 0.04807692307692308 0.1201923076923077
2 0.5228365384615384 0.39783653846153844 0.07932692307692307 0.17548076923076922