2 0.12620192307692307 0.23677884615384615 0.08653846153846154 0.17067307692307693
2 0.22235576923076922 0.20072115384615385 0.08173076923076923 0.19471153846153846
2 0.3125 0.203125 0.0889423076923077 0.20673076923076922
2 0.4050480769230769 0.18269230769230768 0.08653846153846154 0.20432692307692307
2 0.4807692307692308 0.15745192307692307 0.08413461538461539 0.19471153846153846
2 0.5721153846153846 0.12620192307692307 0.0889423076923077 0.18990384615384615
2 0.1971153846153846 0.6971153846153846 0.08413461538461539 0.1466346153846154
2 0.2956730769230769 0.7115384615384616 0.07692307692307693 0.15625
2 0.36899038461538464 0.6983173076923077 0.07211538461538461 0.15625
2 0.47115384615384615 0.6899038461538461 0.07932692307692307 0.17067307692307693
2 0.6069711538461539 0.5889423076923077 0.08653846153846154 0.16346153846153846
2 0.6802884615384616 0.5288461538461539 0.09375 0.15865384615384615