2 0.13221153846153846 0.20192307692307693 0.08653846153846154 0.22115384615384615
2 0.23197115384615385 0.17307692307692307 0.08173076923076923 0.27884615384615385
2 0.3317307692307692 0.17067307692307693 0.07211538461538461 0.27403846153846156
2 0.42908653846153844 0.15745192307692307 0.08653846153846154 0.28365384615384615
2 0.5180288461538461 0.14783653846153846 0.07451923076923077 0.2644230769230769
2 0.6201923076923077 0.13581730769230768 0.07211538461538461 0.23317307692307693
2 0.16706730769230768 0.5805288461538461 0.10336538461538461 0.31009615384615385
2 0.2668269230769231 0.5997596153846154 0.08413461538461539 0.3173076923076923
2 0.3449519230769231 0.6213942307692307 0.06490384615384616 0.22115384615384615
2 0.4567307692307692 0.6105769230769231 0.07211538461538461 0.2091346153846154
2 0.6141826923076923 0.5504807692307693 0.08413461538461539 0.1971153846153846
2 0.6862980769230769 0.48197115384615385 0.10336538461538461 0.2548076923076923