2 0.13581730769230768 0.39783653846153844 0.11778846153846154 0.3004807692307692
2 0.2824519230769231 0.49038461538461536 0.11538461538461539 0.25
2 0.37740384615384615 0.5096153846153846 0.09134615384615384 0.20673076923076922
2 0.515625 0.5240384615384616 0.09134615384615384 0.25
2 0.5877403846153846 0.5132211538461539 0.11298076923076923 0.24759615384615385
2 0.7079326923076923 0.421875 0.13942307692307693 0.2764423076923077
2 0.5480769230769231 0.18870192307692307 0.038461538461538464 0.15625
2 0.4951923076923077 0.20192307692307693 0.038461538461538464 0.1346153846153846
2 0.453125 0.203125 0.04807692307692308 0.16105769230769232
2 0.41586538461538464 0.18629807692307693 0.057692307692307696 0.14182692307692307
2 0.37740384615384615 0.19591346153846154 0.0625 0.14182692307692307
2 0.3293269230769231 0.17668269230769232 0.0673076923076923 0.13701923076923078