2 0.171875 0.15865384615384615 0.07451923076923077 0.21875
2 0.27403846153846156 0.14302884615384615 0.0673076923076923 0.2764423076923077
2 0.37259615384615385 0.15264423076923078 0.057692307692307696 0.27163461538461536
2 0.47115384615384615 0.15144230769230768 0.07211538461538461 0.28125
2 0.5612980769230769 0.15264423076923078 0.06009615384615385 0.2620192307692308
2 0.6634615384615384 0.15384615384615385 0.06009615384615385 0.23076923076923078
2 0.15985576923076922 0.5396634615384616 0.0889423076923077 0.3076923076923077
2 0.25600961538461536 0.5709134615384616 0.06971153846153846 0.31490384615384615
2 0.3317307692307692 0.6009615384615384 0.052884615384615384 0.21875
2 0.44350961538461536 0.6045673076923077 0.06009615384615385 0.20673076923076922
2 0.6069711538461539 0.5637019230769231 0.07451923076923077 0.19471153846153846
2 0.6875 0.5048076923076923 0.09134615384615384 0.25