2 0.171875 0.1814903846153846 0.06009615384615385 0.1658653846153846
2 0.27283653846153844 0.16105769230769232 0.052884615384615384 0.18990384615384615
2 0.3605769230769231 0.1778846153846154 0.057692307692307696 0.20192307692307693
2 0.45552884615384615 0.171875 0.057692307692307696 0.1971153846153846
2 0.5348557692307693 0.15865384615384615 0.055288461538461536 0.18990384615384615
2 0.6298076923076923 0.14182692307692307 0.06009615384615385 0.18269230769230768
2 0.16947115384615385 0.6478365384615384 0.0625 0.13942307692307693
2 0.265625 0.6766826923076923 0.055288461538461536 0.14903846153846154
2 0.3401442307692308 0.6754807692307693 0.05048076923076923 0.15144230769230768
2 0.4423076923076923 0.6826923076923077 0.052884615384615384 0.1658653846153846
2 0.5925480769230769 0.6045673076923077 0.0625 0.15625
2 0.6730769230769231 0.5564903846153846 0.07211538461538461 0.14903846153846154