2 0.14543269230769232 0.21033653846153846 0.07451923076923077 0.16826923076923078
2 0.2439903846153846 0.18269230769230768 0.06971153846153846 0.19230769230769232
2 0.3329326923076923 0.19110576923076922 0.07692307692307693 0.20673076923076922
2 0.42788461538461536 0.17668269230769232 0.07451923076923077 0.20192307692307693
2 0.5048076923076923 0.15745192307692307 0.07211538461538461 0.19471153846153846
2 0.5973557692307693 0.13221153846153846 0.07692307692307693 0.1875
2 0.18389423076923078 0.6754807692307693 0.07451923076923077 0.14423076923076922
2 0.28125 0.6971153846153846 0.0673076923076923 0.15384615384615385
2 0.3557692307692308 0.6887019230769231 0.0625 0.15384615384615385
2 0.4579326923076923 0.6875 0.0673076923076923 0.17067307692307693
2 0.6009615384615384 0.5961538461538461 0.07451923076923077 0.16105769230769232
2 0.6766826923076923 0.5420673076923077 0.08413461538461539 0.15384615384615385