2 0.21514423076923078 0.12139423076923077 0.10096153846153846 0.22355769230769232
2 0.32091346153846156 0.1310096153846154 0.10336538461538461 0.2620192307692308
2 0.41586538461538464 0.13942307692307693 0.09134615384615384 0.2764423076923077
2 0.5144230769230769 0.1502403846153846 0.10576923076923077 0.2860576923076923
2 0.6033653846153846 0.1622596153846154 0.09134615384615384 0.2668269230769231
2 0.7043269230769231 0.17548076923076922 0.08653846153846154 0.23317307692307693
2 0.15745192307692307 0.49759615384615385 0.125 0.31490384615384615
2 0.24879807692307693 0.5408653846153846 0.10576923076923077 0.3173076923076923
2 0.32091346153846156 0.5793269230769231 0.07932692307692307 0.22355769230769232
2 0.43149038461538464 0.5973557692307693 0.08413461538461539 0.21153846153846154
2 0.5985576923076923 0.5769230769230769 0.09615384615384616 0.20192307692307693
2 0.6850961538461539 0.5276442307692307 0.1201923076923077 0.25721153846153844