2 0.6935096153846154 0.6201923076923077 0.1875 0.2956730769230769
2 0.5528846153846154 0.6911057692307693 0.12740384615384615 0.2764423076923077
2 0.45072115384615385 0.6466346153846154 0.14182692307692307 0.28365384615384615
2 0.3173076923076923 0.6346153846153846 0.1201923076923077 0.2980769230769231
2 0.25 0.609375 0.10817307692307693 0.2692307692307692
2 0.10096153846153846 0.546875 0.14182692307692307 0.25721153846153844
2 0.30288461538461536 0.3894230769230769 0.08413461538461539 0.15625
2 0.34975961538461536 0.41225961538461536 0.0625 0.14182692307692307
2 0.40625 0.4026442307692308 0.07211538461538461 0.14182692307692307
2 0.4483173076923077 0.39783653846153844 0.07451923076923077 0.13701923076923078
2 0.49278846153846156 0.40384615384615385 0.0625 0.125
2 0.5384615384615384 0.4026442307692308 0.0985576923076923 0.18269230769230768