2 0.7223557692307693 0.5516826923076923 0.19951923076923078 0.30288461538461536
2 0.6129807692307693 0.6634615384615384 0.13942307692307693 0.27884615384615385
2 0.5012019230769231 0.6550480769230769 0.15625 0.2860576923076923
2 0.3713942307692308 0.6862980769230769 0.1346153846153846 0.3004807692307692
2 0.29927884615384615 0.6850961538461539 0.1201923076923077 0.27163461538461536
2 0.13822115384615385 0.6742788461538461 0.15384615384615385 0.25961538461538464
2 0.2776442307692308 0.46033653846153844 0.09134615384615384 0.15865384615384615
2 0.3293269230769231 0.46634615384615385 0.0673076923076923 0.14182692307692307
2 0.3798076923076923 0.4387019230769231 0.07932692307692307 0.14423076923076922
2 0.4182692307692308 0.4206730769230769 0.08173076923076923 0.13942307692307693
2 0.46153846153846156 0.41225961538461536 0.0673076923076923 0.12740384615384615
2 0.5036057692307693 0.3954326923076923 0.10817307692307693 0.18509615384615385