2 0.381009615625 0.30048076875 0.3545673078125 0.30048076875 0.3545673078125 0.40625 0.381009615625 0.40625 0.381009615625 0.30048076875
2 0.4362980765625 0.3016826921875 0.4146634609375 0.3016826921875 0.4146634609375 0.41947115312500005 0.4362980765625 0.41947115312500005 0.4362980765625 0.3016826921875
2 0.5925480765625 0.296875 0.568509615625 0.296875 0.568509615625 0.42668269218750005 0.5925480765625 0.42668269218750005 0.5925480765625 0.296875
2 0.658653846875 0.3209134609375 0.625 0.3209134609375 0.625 0.421875 0.658653846875 0.421875 0.658653846875 0.3209134609375
2 0.4855769234375 0.3125 0.4615384609375 0.3125 0.4615384609375 0.43269230781249995 0.4855769234375 0.43269230781249995 0.4855769234375 0.3125
2 0.5396634609375 0.31610576875 0.518028846875 0.31610576875 0.518028846875 0.43389423125000004 0.5396634609375 0.43389423125000004 0.5396634609375 0.31610576875
2 0.3641826921875 0.61298076875 0.330528846875 0.61298076875 0.330528846875 0.709134615625 0.3641826921875 0.709134615625 0.3641826921875 0.61298076875
2 0.4074519234375 0.640625 0.3762019234375 0.640625 0.3762019234375 0.7391826921875 0.4074519234375 0.7391826921875 0.4074519234375 0.640625
2 0.6634615390625 0.674278846875 0.634615384375 0.674278846875 0.634615384375 0.7608173078125 0.6634615390625 0.7608173078125 0.6634615390625 0.674278846875
2 0.560096153125 0.689903846875 0.5360576921875 0.689903846875 0.5360576921875 0.790865384375 0.560096153125 0.790865384375 0.560096153125 0.689903846875
2 0.6045673078125 0.6887019234375 0.580528846875 0.6887019234375 0.580528846875 0.794471153125 0.6045673078125 0.794471153125 0.6045673078125 0.6887019234375
2 0.4987980765625 0.693509615625 0.474759615625 0.693509615625 0.474759615625 0.794471153125 0.4987980765625 0.794471153125 0.4987980765625 0.693509615625