2 0.69951923125 0.618990384375 0.59375 0.618990384375 0.59375 0.6454326921875 0.69951923125 0.6454326921875 0.69951923125 0.618990384375
2 0.6983173078125 0.5637019234375 0.580528846875 0.5637019234375 0.580528846875 0.5853365390625 0.6983173078125 0.5853365390625 0.6983173078125 0.5637019234375
2 0.703125 0.4074519234375 0.5733173078125 0.4074519234375 0.5733173078125 0.431490384375 0.703125 0.431490384375 0.703125 0.4074519234375
2 0.6790865390625 0.341346153125 0.578125 0.341346153125 0.578125 0.375 0.6790865390625 0.375 0.6790865390625 0.341346153125
2 0.6875 0.5144230765625 0.5673076921875 0.5144230765625 0.5673076921875 0.5384615390625 0.6875 0.5384615390625 0.6875 0.5144230765625
2 0.68389423125 0.4603365390625 0.56610576875 0.4603365390625 0.56610576875 0.48197115312500005 0.68389423125 0.48197115312500005 0.68389423125 0.4603365390625
2 0.38701923125 0.6358173078125 0.290865384375 0.6358173078125 0.290865384375 0.669471153125 0.38701923125 0.669471153125 0.38701923125 0.6358173078125
2 0.359375 0.5925480765625 0.2608173078125 0.5925480765625 0.2608173078125 0.6237980765625 0.359375 0.6237980765625 0.359375 0.5925480765625
2 0.325721153125 0.3365384609375 0.2391826921875 0.3365384609375 0.2391826921875 0.365384615625 0.325721153125 0.365384615625 0.325721153125 0.3365384609375
2 0.310096153125 0.43990384687499995 0.20913461562500002 0.43990384687499995 0.20913461562500002 0.46394230781249995 0.310096153125 0.46394230781249995 0.310096153125 0.43990384687499995
2 0.3112980765625 0.3954326921875 0.205528846875 0.3954326921875 0.205528846875 0.41947115312500005 0.3112980765625 0.41947115312500005 0.3112980765625 0.3954326921875
2 0.306490384375 0.5012019234375 0.205528846875 0.5012019234375 0.205528846875 0.525240384375 0.306490384375 0.525240384375 0.306490384375 0.5012019234375