2 0.6466346153846154 0.36778846153846156 0.10576923076923077 0.026442307692307692
2 0.6394230769230769 0.4254807692307692 0.11778846153846154 0.021634615384615384
2 0.6382211538461539 0.5805288461538461 0.12980769230769232 0.02403846153846154
2 0.6286057692307693 0.6418269230769231 0.10096153846153846 0.03365384615384615
2 0.6274038461538461 0.4735576923076923 0.1201923076923077 0.02403846153846154
2 0.625 0.5288461538461539 0.11778846153846154 0.021634615384615384
2 0.3389423076923077 0.3473557692307692 0.09615384615384616 0.03365384615384615
2 0.31009615384615385 0.3918269230769231 0.0985576923076923 0.03125
2 0.2824519230769231 0.6490384615384616 0.08653846153846154 0.028846153846153848
2 0.25961538461538464 0.5480769230769231 0.10096153846153846 0.02403846153846154
2 0.25841346153846156 0.5925480769230769 0.10576923076923077 0.02403846153846154
2 0.25600961538461536 0.48677884615384615 0.10096153846153846 0.02403846153846154