2 0.6322115384615384 0.6466346153846154 0.026442307692307692 0.10576923076923077
2 0.5745192307692307 0.6394230769230769 0.021634615384615384 0.11778846153846154
2 0.41947115384615385 0.6382211538461539 0.02403846153846154 0.12980769230769232
2 0.3581730769230769 0.6286057692307693 0.03365384615384615 0.10096153846153846
2 0.5264423076923077 0.6274038461538461 0.02403846153846154 0.1201923076923077
2 0.47115384615384615 0.625 0.021634615384615384 0.11778846153846154
2 0.6526442307692307 0.3389423076923077 0.03365384615384615 0.09615384615384616
2 0.6081730769230769 0.31009615384615385 0.03125 0.0985576923076923
2 0.35096153846153844 0.2824519230769231 0.028846153846153848 0.08653846153846154
2 0.4519230769230769 0.25961538461538464 0.02403846153846154 0.10096153846153846
2 0.4074519230769231 0.25841346153846156 0.02403846153846154 0.10576923076923077
2 0.5132211538461539 0.25600961538461536 0.02403846153846154 0.10096153846153846